0:00	30	30	30	30
0:10	30	30	30	30
0:20	30	30	30	30
0:30	30	30	30	30
0:40	30	30	30	30
0:50	30	30	30	30
1:00	30	30	30	30
1:10	30	30	30	30
1:20	30	30	30	30
1:30	30	30	30	30
1:40	30	30	30	30
1:50	30	30	30	30
2:00	30	30	30	30
2:10	30	30	30	30
2:20	30	30	30	30
2:30	30	30	30	30
2:40	30	30	30	30
2:50	30	30	30	30
3:00	30	30	30	30
3:10	30	30	30	30
3:20	30	30	30	30
3:30	30	30	30	30
3:40	30	30	30	30
3:50	30	30	30	30
4:00	30	30	30	30
4:10	30	30	30	30
4:20	30	30	30	30
4:30	30	30	30	30
4:40	30	30	30	30
4:50	30	30	30	30
5:00	30	30	30	30
5:10	30	30	30	30
5:20	30	30	30	30
5:30	30	30	30	30
5:40	30	30	30	30
5:50	30	30	30	30
6:00	30	30	30	30
6:10	30	30	30	30
6:20	30	30	30	30
6:30	30	30	30	30
6:40	30	30	30	30
6:50	30	30	30	30
7:00	30	30	30	30
7:10	30	30	30	30
7:20	30	30	30	30
7:30	30	30	30	30
7:40	30	30	30	30
7:50	30	30	30	30
8:00	30	30	30	30
8:10	30	30	30	30
8:20	30	30	30	30
8:30	30	30	30	30
8:40	30	30	30	30
8:50	30	30	30	30
9:00	30	30	30	30
9:10	30	30	30	30
9:20	30	30	30	30
9:30	30	30	30	30
9:40	30	30	30	30
9:50	30	30	30	30
10:00	30	30	30	30
10:10	30	30	30	30
10:20	30	30	30	30
10:30	30	30	30	30
10:40	30	30	30	30
10:50	30	30	30	30
11:00	30	30	30	30
11:10	30	30	30	30
11:20	30	30	30	30
11:30	30	30	30	30
11:40	30	30	30	30
11:50	30	30	30	30
12:00	30	30	30	30
12:10	30	30	30	30
12:20	30	30	30	30
12:30	30	30	30	30
12:40	30	30	30	30
12:50	30	30	30	30
13:00	30	30	30	30
13:02	30.033	30.056	30.044	30.046
13:04	30.067	30.111	30.089	30.091
13:06	30.1	30.167	30.133	30.137
13:08	30.133	30.222	30.178	30.182
13:10	30.167	30.278	30.222	30.228
13:12	30.2	30.333	30.267	30.273
13:14	30.233	30.389	30.311	30.319
13:16	30.267	30.444	30.356	30.364
13:18	30.3	30.5	30.4	30.41
13:20	30.333	30.556	30.444	30.456
13:22	30.367	30.611	30.489	30.501
13:24	30.4	30.667	30.533	30.547
13:26	30.433	30.722	30.578	30.592
13:28	30.467	30.778	30.622	30.638
13:30	30.5	30.833	30.667	30.683
13:32	30.533	30.889	30.711	30.729
13:34	30.567	30.944	30.756	30.774
13:36	30.6	31	30.8	30.82
13:38	30.633	31.056	30.844	30.866
13:40	30.667	31.111	30.889	30.911
13:42	30.7	31.167	30.933	30.957
13:44	30.733	31.222	30.978	31.002
13:46	30.767	31.278	31.022	31.048
13:48	30.8	31.333	31.067	31.093
13:50	30.833	31.389	31.111	31.139
13:52	30.867	31.444	31.156	31.184
13:54	30.9	31.5	31.2	31.23
13:56	30.933	31.556	31.244	31.276
13:58	30.967	31.611	31.289	31.321
14:00	31	31.667	31.333	31.367
14:02	31.033	31.722	31.378	31.412
14:04	31.067	31.778	31.422	31.458
14:06	31.1	31.833	31.467	31.503
14:08	31.133	31.889	31.511	31.549
14:10	31.167	31.944	31.556	31.594
14:12	31.2	32	31.6	31.64
14:14	31.233	32.056	31.644	31.686
14:16	31.267	32.111	31.689	31.731
14:18	31.3	32.167	31.733	31.777
14:20	31.333	32.222	31.778	31.822
14:22	31.367	32.278	31.822	31.868
14:24	31.4	32.333	31.867	31.913
14:26	31.433	32.389	31.911	31.959
14:28	31.467	32.444	31.956	32.004
14:30	31.5	32.5	32	32.05
14:32	31.533	32.556	32.044	32.096
14:34	31.567	32.611	32.089	32.141
14:36	31.6	32.667	32.133	32.187
14:38	31.633	32.722	32.178	32.232
14:40	31.667	32.778	32.222	32.278
14:42	31.7	32.833	32.267	32.323
14:44	31.733	32.889	32.311	32.369
14:46	31.767	32.944	32.356	32.414
14:48	31.8	33	32.4	32.46
14:50	31.833	33.056	32.444	32.506
14:52	31.867	33.111	32.489	32.551
14:54	31.9	33.167	32.533	32.597
14:56	31.933	33.222	32.578	32.642
14:58	31.967	33.278	32.622	32.688
15:00	32	33.333	32.667	32.733
15:02	32.033	33.389	32.711	32.779
15:04	32.067	33.444	32.756	32.824
15:06	32.1	33.5	32.8	32.87
15:08	32.133	33.556	32.844	32.916
15:10	32.167	33.611	32.889	32.961
15:12	32.2	33.667	32.933	33.007
15:14	32.233	33.722	32.978	33.052
15:16	32.267	33.778	33.022	33.098
15:18	32.3	33.833	33.067	33.143
15:20	32.333	33.889	33.111	33.189
15:22	32.367	33.944	33.156	33.234
15:24	32.4	34	33.2	33.28
15:26	32.433	34.056	33.244	33.326
15:28	32.467	34.111	33.289	33.371
15:30	32.5	34.167	33.333	33.417
15:32	32.533	34.222	33.378	33.462
15:34	32.567	34.278	33.422	33.508
15:36	32.6	34.333	33.467	33.553
15:38	32.633	34.389	33.511	33.599
15:40	32.667	34.444	33.556	33.644
15:42	32.7	34.5	33.6	33.69
15:44	32.733	34.556	33.644	33.736
15:46	32.767	34.611	33.689	33.781
15:48	32.8	34.667	33.733	33.827
15:50	32.833	34.722	33.778	33.872
15:52	32.867	34.778	33.822	33.918
15:54	32.9	34.833	33.867	33.963
15:56	32.933	34.889	33.911	34.009
15:58	32.967	34.944	33.956	34.054
16:00	33	35	34	34.1
16:10	33	35	34	34.1
16:15	33	35	34	34.1
16:20	33	35	34	34.1
16:25	33	35	34	34.1
16:30	33	35	34	34.1
16:35	33	35	34	34.1
16:40	33	35	34	34.1
16:45	33	35	34	34.1
16:50	33	35	34	34.1
17:00	33	35	34	34.1
17:10	33	35	34	34.1
17:15	33	35	34	34.1
17:20	33	35	34	34.1
17:25	33	35	34	34.1
17:30	33	35	34	34.1
17:35	33	35	34	34.1
17:40	33	35	34	34.1
17:45	33	35	34	34.1
17:50	33	35	34	34.1
18:00	33	35	34	34.1
18:10	33	35	34	34.1
18:15	33	35	34	34.1
18:20	33	35	34	34.1
18:25	33	35	34	34.1
18:30	33	35	34	34.1
18:35	33	35	34	34.1
18:40	33	35	34	34.1
18:45	33	35	34	34.1
18:50	33	35	34	34.1
19:00	33	35	34	34.1
19:02	32.9	34.833	33.867	33.963
19:04	32.8	34.667	33.733	33.827
19:06	32.7	34.5	33.6	33.69
19:08	32.6	34.333	33.467	33.553
19:10	32.5	34.167	33.333	33.417
19:12	32.4	34	33.2	33.28
19:14	32.3	33.833	33.067	33.143
19:16	32.2	33.667	32.933	33.007
19:18	32.1	33.5	32.8	32.87
19:20	32	33.333	32.667	32.733
19:22	31.9	33.167	32.533	32.597
19:24	31.8	33	32.4	32.46
19:26	31.7	32.833	32.267	32.323
19:28	31.6	32.667	32.133	32.187
19:30	31.5	32.5	32	32.05
19:32	31.4	32.333	31.867	31.913
19:34	31.3	32.167	31.733	31.777
19:36	31.2	32	31.6	31.64
19:38	31.1	31.833	31.467	31.503
19:40	31	31.667	31.333	31.367
19:42	30.9	31.5	31.2	31.23
19:44	30.8	31.333	31.067	31.093
19:46	30.7	31.167	30.933	30.957
19:48	30.6	31	30.8	30.82
19:50	30.5	30.833	30.667	30.683
19:52	30.4	30.667	30.533	30.547
19:54	30.3	30.5	30.4	30.41
19:56	30.2	30.333	30.267	30.273
19:58	30.1	30.167	30.133	30.137
20:00	30	30	30	30
20:10	30	30	30	30
20:20	30	30	30	30
20:30	30	30	30	30
20:40	30	30	30	30
20:50	30	30	30	30
21:00	30	30	30	30
21:10	30	30	30	30
21:20	30	30	30	30
21:30	30	30	30	30
21:40	30	30	30	30
21:50	30	30	30	30
22:00	30	30	30	30
22:10	30	30	30	30
22:20	30	30	30	30
22:30	30	30	30	30
22:40	30	30	30	30
22:50	30	30	30	30
23:00	30	30	30	30
23:10	30	30	30	30
23:20	30	30	30	30
23:30	30	30	30	30
23:40	30	30	30	30
23:50	30	30	30	30
